# Created by Octave 4.0.0, Sat Jul 20 23:05:17 2019 CST <luckybb@luckybb>
# name: S
# type: matrix
# rows: 207
# columns: 16
 0.1323529411764706 0.1739130434782609 0.25 0.3755868544600939 0.146551724137931 0.36 0.025 0.03666666666666667 0.04021772939346812 0.05835890955046037 0.03203639179248936 0.01452145214521452 0.01461794019933555 0 0 0.1148886283704572
 0.3529411764705883 0.3260869565217391 0.4166666666666667 0.7511737089201878 0.0146551724137931 0.36 0.03333333333333333 0.08 0.1126127527216174 0.171420834085575 0.1801522777132533 0.1089108910891089 0.106312292358804 0.05172413793103448 0.2380952380952381 0.1172332942555686
 0.25 0.2608695652173913 0.25 0.7746478873239436 0.04310344827586207 0.08 0.625 0.06666666666666667 0.1190357698289269 0.1490341216826142 0.02206736353077816 0.09900990099009901 0.0664451827242525 0.004310344827586207 0.09523809523809523 0.04689331770222743
 0.4264705882352941 0.2826086956521739 0.1666666666666667 0.4694835680751174 0.1896551724137931 0.72 0.1041666666666667 0.05333333333333334 0.1060653188180404 0.1548339050370103 0.08839850303264937 0.2805280528052805 0.26578073089701 0 0.4761904761904762 0.01172332942555686
 0.3970588235294117 0.2608695652173913 0.1666666666666667 0.1408450704225352 0.02586206896551724 0.22 0 0.09 0.2924727838258165 0.4243997111391948 0.1980900761388566 0.6947689768976898 0.6800664451827243 0 0.2380952380952381 0.1172332942555686
 0.25 0.1304347826086956 0.25 0.2464788732394366 0.02068965517241379 0.48 0.025 0.05666666666666666 0.1198133748055988 0.1738580971294457 0.08310749774164408 0.1019141914191419 0.03795681063122924 0.01293103448275862 0.1428571428571428 0.08440797186400938
 0.2058823529411765 0.2608695652173913 0.25 0.1056338028169014 0.1543103448275862 0.12 0.05 0.05 0.0601244167962675 0.0786017331648312 0.2288359788359788 0.07920792079207921 0.07308970099667775 0.06465517241379311 0 0.1148886283704572
 0.3235294117647059 0.4782608695652174 0.25 0.1525821596244132 0.02586206896551724 0.24 0.125 0.1166666666666667 0.3745412130637636 0.5434870915327676 0.1712801651826042 0.08514851485148515 0.08571428571428572 0.04310344827586207 0.1904761904761905 0.01172332942555686
 0.1764705882352941 0.1739130434782609 0.5833333333333334 0.1291079812206573 0.0103448275862069 0.24 0.02916666666666667 0.04 0.07124416796267496 0.1033805741108503 0.2311265969802555 0.3363861386138614 0.3352823920265781 0.03017241379310345 0.2380952380952381 0.01875732708089097
 0.1323529411764706 0.108695652173913 0.4166666666666667 0.2230046948356808 0.06379310344827586 0.46 0.04166666666666666 0.05333333333333334 0.126547433903577 0.1836297165553349 0.1377597109304426 0.1508085808580858 0.1422259136212625 0.01293103448275862 0.2380952380952381 0.03165298944900351
 0.1911764705882353 0.2391304347826087 0.3333333333333333 0.3333333333333333 0.09310344827586207 0.2 0.05 0.04 0.108258164852255 0.1570906300776314 0.3199445089688992 0.03382838283828383 0.0340531561461794 0.004310344827586207 0 0.0164126611957796
 0.2941176470588235 0.391304347826087 0.3333333333333333 0.3638497652582159 0.05689655172413793 0.32 0.04583333333333333 0.1033333333333333 0.1056454121306376 0.1526223144972016 0.1155310362627436 0.1419141914191419 0.1428571428571428 0.02586206896551724 0.04761904761904762 0.007033997655334115
 0.07352941176470588 0.108695652173913 0.1666666666666667 0.2042253521126761 0.02068965517241379 0.36 0.0375 0.03333333333333333 0.02660964230171073 0.03861256544502618 0.05000645244547684 0.165016501650165 0.1245847176079734 0 0.2380952380952381 0.02227432590855803
 0.1029411764705882 0.1521739130434783 0.4166666666666667 0.2230046948356808 0.02672413793103448 0.4 0.05 0 0.04477449455676517 0.06497111391948004 0.1029165053555297 0.1402640264026403 0.101328903654485 0 0.2380952380952381 0.007033997655334115
 0.1176470588235294 0.1521739130434783 0.3333333333333333 0.2629107981220657 0.3103448275862069 0.3 0.0125 0.1 0.04225505443234837 0.06131521935367395 0.02742289327655181 0.132013201320132 0.0664451827242525 0.03017241379310345 0.2380952380952381 0.007033997655334115
 0.1470588235294118 0.108695652173913 0.3333333333333333 0.1197183098591549 0.04827586206896552 0.24 0.04583333333333333 0 0.03780715396578538 0.05486098573749774 0.02142211898309459 0.1155115511551155 0 0.4741379310344828 0.04761904761904762 0.3376318874560375
 0.5294117647058824 0.3043478260869565 1 0.06807511737089202 0.02758620689655172 0.58 0.05 0.04666666666666667 0.1176205287713841 0.1706309803213577 0.6415343915343915 0.303960396039604 0.2242524916943522 0.04310344827586207 0.2380952380952381 0
 0.4558823529411765 0.5217391304347826 0.4166666666666667 0.9389671361502347 0.1344827586206896 0.14 0.01666666666666667 0.08 0.1602643856920684 0.2325555154359993 0.2217382888114595 0.0687953795379538 0.06925249169435216 0.01724137931034483 0.1428571428571428 0
 0.3088235294117647 0.2608695652173913 0.1666666666666667 0.2183098591549296 0.1 0.6 0.07083333333333333 0.08666666666666667 0.09360808709175739 0.135832280194981 0 0.2148514851485148 0 0.0603448275862069 1 0.6014067995310668
 0.1323529411764706 0.08695652173913043 0.08333333333333333 0.1643192488262911 0.0103448275862069 0.16 0.08333333333333333 0.02 0.02222395023328149 0.03224860083047482 0.6710543295909149 0.2722772277227723 0.02491694352159468 0.02586206896551724 0.1904761904761905 0.01172332942555686
 0.1176470588235294 0.08695652173913043 0.1666666666666667 0.1901408450704225 0.2672413793103448 0.1 0.0625 0.02666666666666667 0.02880248833592535 0.04179454775230186 0.006613756613756613 0.2392739273927393 0.2408637873754153 0.08620689655172414 0 0.02227432590855803
 0.2794117647058824 0.3695652173913043 0.08333333333333333 0.2347417840375587 0.2379310344827586 0.12 0.075 0.06333333333333334 0.05730948678071539 0.08316031774688572 0.06258872112530649 0.05775577557755775 0.03820598006644518 0.03448275862068965 0.2380952380952381 0.003516998827667058
 0.1470588235294118 0.1956521739130435 0.1666666666666667 0.1056338028169014 0.003448275862068965 0.1 0.0125 0.03666666666666667 0.03846034214618974 0.05580881025455858 0.03955349077300297 0.1613696369636964 0.1488039867109635 0.03448275862068965 0.2380952380952381 0.01758499413833529
 0.2058823529411765 0.2608695652173913 0.1666666666666667 0.6807511737089202 1 0.32 0.04166666666666666 0.2433333333333333 0.03752721617418352 0.05804296804477342 0.3617240934314105 0.6494224422442244 0.5601661129568106 0 0.2380952380952381 0.05861664712778429
 0.2352941176470588 0.1739130434782609 0.25 0.0352112676056338 0.003448275862068965 0.1 0.01666666666666667 0.01666666666666667 0.03342146189735614 0.04849702112294638 0.06997677119628339 0.066006600660066 0.05813953488372093 0.04310344827586207 0.2380952380952381 0.009378663540445486
 0.3088235294117647 0.2826086956521739 0.1666666666666667 0.3051643192488263 0.01206896551724138 1 0.075 0.03333333333333333 0.03234836702954899 0.0476846001083228 0.1157246096270487 0.04950495049504951 0.01993355481727575 0 0.2380952380952381 0.0164126611957796
 0.3970588235294117 0.4565217391304348 0.1666666666666667 0.2816901408450704 0.103448275862069 0.24 0.1666666666666667 0.06666666666666667 0.07821150855365475 0.1134907022928326 0.04739321202735837 0.33003300330033 0.2724252491694352 0 0.1428571428571428 0.02344665885111372
 0.05882352941176471 0.02173913043478261 0.1666666666666667 0.03755868544600939 0.008620689655172414 0.04 0.025 0.03333333333333333 0.004821150855365474 0.006995847625925257 0.0161311136920893 0.066006600660066 0.0664451827242525 0.04310344827586207 0 0.01758499413833529
 0.07352941176470588 0.108695652173913 0.1666666666666667 0.07042253521126761 0.01724137931034483 0.24 0.05 0.03333333333333333 0.006967340590979782 0.01011012818198231 0.003871467286101432 0.07590759075907591 0.07641196013289037 0.04310344827586207 0.1428571428571428 0.01406799531066823
